013042	0161,0120
013044	0169,0120
013046	0175,0120
013048	0165,0120
01304A	016F,0120
01304B	016B,0161,0120
01304D	016B,0169,0120
01304F	016B,0175,0120
013051	016B,0165,0120
013053	016B,016F,0120
013055	0173,0161,0120
013057	0173,0169,0120
013059	0173,0175,0120
01305B	0173,0165,0120
01305D	0173,016F,0120
01305F	0174,0161,0120
013061	0174,0169,0120
013064	0174,0175,0120
013066	0174,0165,0120
013068	0174,016F,0120
01306A	016E,0161,0120
01306B	016E,0169,0120
01306C	016E,0175,0120
01306D	016E,0165,0120
01306E	016E,016F,0120
01306F	0168,0161,0120
013072	0168,0169,0120
013075	0168,0175,0120
013078	0168,0165,0120
01307B	0168,016F,0120
013075	0166,0175,0120
01307E	016D,0161,0120
01307F	016D,0169,0120
013080	016D,0175,0120
013081	016D,0165,0120
013082	016D,016F,0120
013084	0179,0161,0120
013086	0179,0175,0120
013088	0179,016F,0120
013089	0172,0161,0120
01308A	0172,0169,0120
01308B	0172,0175,0120
01308C	0172,0165,0120
01308D	0172,016F,0120
01308F	0177,0161,0120
013092	0177,016F,0120
013093	016E,016E,0120
01304D,013083	016B,0179,0161,0120
01304D,013085	016B,0179,0175,0120
01304D,013087	016B,0179,016F,0120
013057,013083	0173,0179,0161,0120
013057,013085	0173,0179,0175,0120
013057,013087	0173,0179,016F,0120
013061,013083	0174,0179,0161,0120
013061,013085	0174,0179,0175,0120
013061,013087	0174,0179,016F,0120
01306B,013083	016E,0179,0161,0120
01306B,013085	016E,0179,0175,0120
01306B,013087	016E,0179,016F,0120
013072,013083	0168,0179,0161,0120
013072,013085	0168,0179,0175,0120
013072,013087	0168,0179,016F,0120
013075,013041	0166,0161,0120
013075,013049	0166,016F,0120
01307F,013083	016D,0179,0161,0120
01307F,013085	016D,0179,0175,0120
01307F,013087	016D,0179,016F,0120
01308A,013083	0172,0179,0161,0120
01308A,013085	0172,0179,0175,0120
01308A,013087	0172,0179,016F,0120
01304C	0167,0161,0120
01304E	0167,0169,0120
013050	0167,0175,0120
013052	0167,0165,0120
013054	0167,016F,0120
013056	017A,0161,0120
01305A	017A,0175,0120
01305C	017A,0165,0120
01305E	017A,016F,0120
013058	016A,0169,0120
013060	0164,0161,0120
013062	0164,0169,0120
013065	0164,0175,0120
013067	0164,0165,0120
013069	0164,016F,0120
013070	0162,0161,0120
013073	0162,0169,0120
013076	0162,0175,0120
013079	0162,0165,0120
01307C	0162,016F,0120
013071	0170,0161,0120
013074	0170,0169,0120
013077	0170,0175,0120
01307A	0170,0165,0120
01307D	0170,016F,0120
0130F4,013041	0176,0161,0120
0130F4,013043	0176,0169,0120
0130F4	0176,0175,0120
0130F4,013047	0176,0165,0120
0130F4,013049	0176,016F,0120
013041	0161,0120
013043	0169,0120
013045	0175,0120
013047	0165,0120
013049	016F,0120
01304D,013063,013066	016B,0169,0174,0174,0165,0120
01304D,013063,013077	016B,0169,0170,0170,0175,0120
0130D2,0130C3,0130C8	0168,0169,0174,0174,016F,0120
0130D0,0130C3,0130AF	0162,0161,016B,016B,0175,0120
0130E8,0130C3,0130C8	0179,016F,0174,0174,016F,0120
01304E,013083	0167,0179,0161,0120
01304E,013085	0167,0179,0175,0120
01304E,013087	0167,0179,016F,0120
013058,013083	016A,0161,0120
013058,013085	016A,0175,0120
013058,013087	016A,016F,0120
013062,013083	0164,0179,0161,0120
013062,013085	0164,0179,0175,0120
013062,013087	0164,0179,016F,0120
013073,013083	0162,0179,0161,0120
013073,013085	0162,0179,0175,0120
013073,013087	0162,0179,016F,0120
013074,013083	0170,0179,0161,0120
013074,013085	0170,0179,0175,0120
013074,013087	0170,0179,0175,0120
013083	0179,0161,0120
013085	0179,0175,0120
013087	0179,016F,0120
013063	0174,0175,0120